NumGlyph 62
Index 0
CharIndex 48
BBox 74 -24 951 1384
NumContours 2
Contour 0 10
C 74 670 74 902 144 1069.5
C 144 1069.5 214 1237 330 1319
C 330 1319 420 1384 516 1384
C 516 1384 672 1384 796 1225
C 796 1225 951 1028 951 691
C 951 691 951 455 883 290
C 883 290 815 125 709.5 50.5
C 709.5 50.5 604 -24 506 -24
C 506 -24 312 -24 183 205
C 183 205 74 398 74 670
Contour 1 11
C 270 645 270 365 339 188
C 339 188 396 39 509 39
C 509 39 563 39 621 87.5
C 621 87.5 679 136 709 250
C 709 250 755 422 755 735
C 755 735 755 967 707 1122
C 707 1122 671 1237 614 1285
C 614 1285 573 1318 515 1318
C 515 1318 447 1318 394 1257
C 394 1257 322 1174 296 996
C 296 996 270 818 270 645
Index 1
CharIndex 49
BBox 240 0 774 1384
NumContours 1
Contour 0 18
L 240 1223 570 1384
L 570 1384 603 1384
L 603 1384 603 239
C 603 239 603 125 612.5 97
C 612.5 97 622 69 652 54
C 652 54 682 39 774 37
L 774 37 774 0
L 774 0 264 0
L 264 0 264 37
C 264 37 360 39 388 53.5
C 388 53.5 416 68 427 92.5
C 427 92.5 438 117 438 239
L 438 239 438 971
C 438 971 438 1119 428 1161
C 428 1161 421 1193 402.5 1208
C 402.5 1208 384 1223 358 1223
C 358 1223 321 1223 255 1192
L 255 1192 240 1223
Index 2
CharIndex 50
BBox 44 0 939 1384
NumContours 1
Contour 0 22
L 939 261 844 0
L 844 0 44 0
L 44 0 44 37
C 44 37 397 359 541 563
C 541 563 685 767 685 936
C 685 936 685 1065 606 1148
C 606 1148 527 1231 417 1231
C 417 1231 317 1231 237.5 1172.5
C 237.5 1172.5 158 1114 120 1001
L 120 1001 83 1001
C 83 1001 108 1186 211.5 1285
C 211.5 1285 315 1384 470 1384
C 470 1384 635 1384 745.5 1278
C 745.5 1278 856 1172 856 1028
C 856 1028 856 925 808 822
C 808 822 734 660 568 479
C 568 479 319 207 257 151
L 257 151 611 151
C 611 151 719 151 762.5 159
C 762.5 159 806 167 841 191.5
C 841 191.5 876 216 902 261
L 902 261 939 261
Index 3
CharIndex 51
BBox 83 -24 854 1384
NumContours 1
Contour 0 32
C 104 1098 162 1235 250.5 1309.5
C 250.5 1309.5 339 1384 471 1384
C 471 1384 634 1384 721 1278
C 721 1278 787 1199 787 1109
C 787 1109 787 961 601 803
C 601 803 726 754 790 663
C 790 663 854 572 854 449
C 854 449 854 273 742 144
C 742 144 596 -24 319 -24
C 319 -24 182 -24 132.5 10
C 132.5 10 83 44 83 83
C 83 83 83 112 106.5 134
C 106.5 134 130 156 163 156
C 163 156 188 156 214 148
C 214 148 231 143 291 111.5
C 291 111.5 351 80 374 74
C 374 74 411 63 453 63
C 453 63 555 63 630.5 142
C 630.5 142 706 221 706 329
C 706 329 706 408 671 483
C 671 483 645 539 614 568
C 614 568 571 608 496 640.5
C 496 640.5 421 673 343 673
L 343 673 311 673
L 311 673 311 703
C 311 703 390 713 469.5 760
C 469.5 760 549 807 585 873
C 585 873 621 939 621 1018
C 621 1018 621 1121 556.5 1184.5
C 556.5 1184.5 492 1248 396 1248
C 396 1248 241 1248 137 1082
L 137 1082 104 1098
Index 4
CharIndex 52
BBox 32 0 953 1384
NumContours 2
Contour 0 11
L 953 500 953 358
L 953 358 771 358
L 771 358 771 0
L 771 0 606 0
L 606 0 606 358
L 606 358 32 358
L 32 358 32 486
L 32 486 661 1384
L 661 1384 771 1384
L 771 1384 771 500
L 771 500 953 500
Contour 1 3
L 606 500 606 1173
L 606 1173 130 500
L 130 500 606 500
Index 5
CharIndex 53
BBox 98 -24 889 1356
NumContours 1
Contour 0 23
L 889 1356 811 1186
L 811 1186 403 1186
L 403 1186 314 1004
C 314 1004 579 965 734 807
C 734 807 867 671 867 487
C 867 487 867 380 823.5 289
C 823.5 289 780 198 714 134
C 714 134 648 70 567 31
C 567 31 452 -24 331 -24
C 331 -24 209 -24 153.5 17.5
C 153.5 17.5 98 59 98 109
C 98 109 98 137 121 158.5
C 121 158.5 144 180 179 180
C 179 180 205 180 224.5 172
C 224.5 172 244 164 291 131
C 291 131 366 79 443 79
C 443 79 560 79 648.5 167.5
C 648.5 167.5 737 256 737 383
C 737 383 737 506 658 612.5
C 658 612.5 579 719 440 777
C 440 777 331 822 143 829
L 143 829 403 1356
L 403 1356 889 1356
Index 6
CharIndex 54
BBox 88 -24 945 1384
NumContours 2
Contour 0 17
L 918 1384 918 1347
C 918 1347 786 1334 702.5 1294.5
C 702.5 1294.5 619 1255 537.5 1174
C 537.5 1174 456 1093 402.5 993.5
C 402.5 993.5 349 894 313 757
C 313 757 457 856 602 856
C 602 856 741 856 843 744
C 843 744 945 632 945 456
C 945 456 945 286 842 146
C 842 146 718 -24 514 -24
C 514 -24 375 -24 278 68
C 278 68 88 247 88 532
C 88 532 88 714 161 878
C 161 878 234 1042 369.5 1169
C 369.5 1169 505 1296 629 1340
C 629 1340 753 1384 860 1384
L 860 1384 918 1384
Contour 1 10
C 296 684 278 549 278 466
C 278 466 278 370 313.5 257.5
C 313.5 257.5 349 145 419 79
C 419 79 470 32 543 32
C 543 32 630 32 698.5 114
C 698.5 114 767 196 767 348
C 767 348 767 519 699 644
C 699 644 631 769 506 769
C 506 769 468 769 424.5 753
C 424.5 753 381 737 296 684
Index 7
CharIndex 55
BBox 76 -28 933 1356
NumContours 1
Contour 0 10
L 206 1356 933 1356
L 933 1356 933 1318
L 933 1318 481 -28
L 481 -28 369 -28
L 369 -28 774 1193
L 774 1193 401 1193
C 401 1193 288 1193 240 1166
C 240 1166 156 1120 105 1024
L 105 1024 76 1035
L 76 1035 206 1356
Index 8
CharIndex 56
BBox 124 -24 906 1384
NumContours 3
Contour 0 16
C 393 683 232 815 185.5 895
C 185.5 895 139 975 139 1061
C 139 1061 139 1193 241 1288.5
C 241 1288.5 343 1384 512 1384
C 512 1384 676 1384 776 1295
C 776 1295 876 1206 876 1092
C 876 1092 876 1016 822 937
C 822 937 768 858 597 751
C 597 751 773 615 830 537
C 830 537 906 435 906 322
C 906 322 906 179 797 77.5
C 797 77.5 688 -24 511 -24
C 511 -24 318 -24 210 97
C 210 97 124 194 124 309
C 124 309 124 399 184.5 487.5
C 184.5 487.5 245 576 393 683
Contour 1 9
C 550 790 670 898 702 960.5
C 702 960.5 734 1023 734 1102
C 734 1102 734 1207 675 1266.5
C 675 1266.5 616 1326 514 1326
C 514 1326 412 1326 348 1267
C 348 1267 284 1208 284 1129
C 284 1129 284 1077 310.5 1025
C 310.5 1025 337 973 386 926
L 386 926 550 790
Contour 2 8
C 440 645 357 575 317 492.5
C 317 492.5 277 410 277 314
C 277 314 277 185 347.5 107.5
C 347.5 107.5 418 30 527 30
C 527 30 635 30 700 91
C 700 91 765 152 765 239
C 765 239 765 311 727 368
C 727 368 656 474 440 645
Index 9
CharIndex 57
BBox 81 -28 936 1384
NumContours 2
Contour 0 15
L 108 -28 108 9
C 108 9 238 11 350 69.5
C 350 69.5 462 128 566.5 274
C 566.5 274 671 420 712 595
C 712 595 555 494 428 494
C 428 494 285 494 183 604.5
C 183 604.5 81 715 81 898
C 81 898 81 1076 183 1215
C 183 1215 306 1384 504 1384
C 504 1384 671 1384 790 1246
C 790 1246 936 1075 936 824
C 936 824 936 598 825 402.5
C 825 402.5 714 207 516 78
C 516 78 355 -28 165 -28
L 165 -28 108 -28
Contour 1 10
C 728 669 746 799 746 877
C 746 877 746 974 713 1086.5
C 713 1086.5 680 1199 619.5 1259
C 619.5 1259 559 1319 482 1319
C 482 1319 393 1319 326 1239
C 326 1239 259 1159 259 1001
C 259 1001 259 790 348 671
C 348 671 413 585 508 585
C 508 585 554 585 617 607
C 617 607 680 629 728 669
Index 10
CharIndex 65
BBox 16 0 1456 1387
NumContours 2
Contour 0 22
L 937 454 412 454
L 412 454 320 240
C 320 240 286 161 286 122
C 286 122 286 91 315.5 67.5
C 315.5 67.5 345 44 443 37
L 443 37 443 0
L 443 0 16 0
L 16 0 16 37
C 16 37 101 52 126 76
C 126 76 177 124 239 271
L 239 271 716 1387
L 716 1387 751 1387
L 751 1387 1223 259
C 1223 259 1280 123 1326.5 82.5
C 1326.5 82.5 1373 42 1456 37
L 1456 37 1456 0
L 1456 0 921 0
L 921 0 921 37
C 921 37 1002 41 1030.5 64
C 1030.5 64 1059 87 1059 120
C 1059 120 1059 164 1019 259
L 1019 259 937 454
Contour 1 3
L 909 528 679 1076
L 679 1076 443 528
L 443 528 909 528
Index 11
CharIndex 66
BBox 34 0 1254 1356
NumContours 3
Contour 0 21
C 946 692 1087 662 1157 596
C 1157 596 1254 504 1254 371
C 1254 371 1254 270 1190 177.5
C 1190 177.5 1126 85 1014.5 42.5
C 1014.5 42.5 903 0 674 0
L 674 0 34 0
L 34 0 34 37
L 34 37 85 37
C 85 37 170 37 207 91
C 207 91 230 126 230 240
L 230 240 230 1116
C 230 1116 230 1242 201 1275
C 201 1275 162 1319 85 1319
L 85 1319 34 1319
L 34 1319 34 1356
L 34 1356 620 1356
C 620 1356 784 1356 883 1332
C 883 1332 1033 1296 1112 1204.5
C 1112 1204.5 1191 1113 1191 994
C 1191 994 1191 892 1129 811.5
C 1129 811.5 1067 731 946 692
Contour 1 9
C 422 746 459 739 506.5 735.5
C 506.5 735.5 554 732 611 732
C 611 732 757 732 830.5 763.5
C 830.5 763.5 904 795 943 860
C 943 860 982 925 982 1002
C 982 1002 982 1121 885 1205
C 885 1205 788 1289 602 1289
C 602 1289 502 1289 422 1267
L 422 1267 422 746
Contour 2 9
C 422 98 538 71 651 71
C 651 71 832 71 927 152.5
C 927 152.5 1022 234 1022 354
C 1022 354 1022 433 979 506
C 979 506 936 579 839 621
C 839 621 742 663 599 663
C 599 663 537 663 493 661
C 493 661 449 659 422 654
L 422 654 422 98
Index 12
CharIndex 67
BBox 74 -31 1295 1387
NumContours 1
Contour 0 25
L 1233 1387 1264 926
L 1264 926 1233 926
C 1233 926 1171 1133 1056 1224
C 1056 1224 941 1315 780 1315
C 780 1315 645 1315 536 1246.5
C 536 1246.5 427 1178 364.5 1028
C 364.5 1028 302 878 302 655
C 302 655 302 471 361 336
C 361 336 420 201 538.5 129
C 538.5 129 657 57 809 57
C 809 57 941 57 1042 113.5
C 1042 113.5 1143 170 1264 338
L 1264 338 1295 318
C 1295 318 1193 137 1057 53
C 1057 53 921 -31 734 -31
C 734 -31 397 -31 212 219
C 212 219 74 405 74 657
C 74 657 74 860 165 1030
C 165 1030 256 1200 415.5 1293.5
C 415.5 1293.5 575 1387 764 1387
C 764 1387 911 1387 1054 1315
C 1054 1315 1096 1293 1114 1293
C 1114 1293 1141 1293 1161 1312
C 1161 1312 1187 1339 1198 1387
L 1198 1387 1233 1387
Index 13
CharIndex 68
BBox 35 0 1401 1356
NumContours 2
Contour 0 16
L 35 0 35 37
L 35 37 86 37
C 86 37 172 37 208 92
C 208 92 230 125 230 240
L 230 240 230 1116
C 230 1116 230 1243 202 1275
C 202 1275 163 1319 86 1319
L 86 1319 35 1319
L 35 1319 35 1356
L 35 1356 587 1356
C 587 1356 891 1356 1049.5 1287
C 1049.5 1287 1208 1218 1304.5 1057
C 1304.5 1057 1401 896 1401 685
C 1401 685 1401 402 1229 212
C 1229 212 1036 0 641 0
L 641 0 35 0
Contour 1 7
C 422 98 549 70 635 70
C 635 70 867 70 1020 233
C 1020 233 1173 396 1173 675
C 1173 675 1173 956 1020 1118
C 1020 1118 867 1280 627 1280
C 627 1280 537 1280 422 1251
L 422 1251 422 98
Index 14
CharIndex 69
BBox 42 0 1204 1356
NumContours 1
Contour 0 39
L 428 1282 428 746
L 428 746 726 746
C 726 746 842 746 881 781
C 881 781 933 827 939 943
L 939 943 976 943
L 976 943 976 471
L 976 471 939 471
C 939 471 925 570 911 598
C 911 598 893 633 852 653
C 852 653 811 673 726 673
L 726 673 428 673
L 428 673 428 226
C 428 226 428 136 436 116.5
C 436 116.5 444 97 464 85.5
C 464 85.5 484 74 540 74
L 540 74 770 74
C 770 74 885 74 937 90
C 937 90 989 106 1037 153
C 1037 153 1099 215 1164 340
L 1164 340 1204 340
L 1204 340 1087 0
L 1087 0 42 0
L 42 0 42 37
L 42 37 90 37
C 90 37 138 37 181 60
C 181 60 213 76 224.5 108
C 224.5 108 236 140 236 239
L 236 239 236 1120
C 236 1120 236 1249 210 1279
C 210 1279 174 1319 90 1319
L 90 1319 42 1319
L 42 1319 42 1356
L 42 1356 1087 1356
L 1087 1356 1102 1059
L 1102 1059 1063 1059
C 1063 1059 1042 1166 1016.5 1206
C 1016.5 1206 991 1246 941 1267
C 941 1267 901 1282 800 1282
L 800 1282 428 1282
Index 15
CharIndex 70
BBox 33 0 1055 1356
NumContours 1
Contour 0 35
L 419 1282 419 749
L 419 749 666 749
C 666 749 751 749 790.5 786.5
C 790.5 786.5 830 824 843 935
L 843 935 880 935
L 880 935 880 476
L 880 476 843 476
C 843 476 842 555 822.5 592
C 822.5 592 803 629 768.5 647.5
C 768.5 647.5 734 666 666 666
L 666 666 419 666
L 419 666 419 240
C 419 240 419 137 432 104
C 432 104 442 79 474 61
C 474 61 518 37 566 37
L 566 37 615 37
L 615 37 615 0
L 615 0 33 0
L 33 0 33 37
L 33 37 81 37
C 81 37 165 37 203 86
C 203 86 227 118 227 240
L 227 240 227 1116
C 227 1116 227 1219 214 1252
C 214 1252 204 1277 173 1295
C 173 1295 130 1319 81 1319
L 81 1319 33 1319
L 33 1319 33 1356
L 33 1356 1042 1356
L 1042 1356 1055 1058
L 1055 1058 1020 1058
C 1020 1058 994 1153 959.5 1197.5
C 959.5 1197.5 925 1242 874.5 1262
C 874.5 1262 824 1282 718 1282
L 718 1282 419 1282
Index 16
CharIndex 71
BBox 72 -31 1450 1387
NumContours 1
Contour 0 35
L 1257 1387 1292 959
L 1292 959 1257 959
C 1257 959 1204 1119 1120 1200
C 1120 1200 999 1317 809 1317
C 809 1317 550 1317 415 1112
C 415 1112 302 939 302 700
C 302 700 302 506 377 346
C 377 346 452 186 573.5 111.5
C 573.5 111.5 695 37 823 37
C 823 37 898 37 968 56
C 968 56 1038 75 1103 112
L 1103 112 1103 504
C 1103 504 1103 606 1087.5 637.5
C 1087.5 637.5 1072 669 1039.5 685.5
C 1039.5 685.5 1007 702 925 702
L 925 702 925 740
L 925 740 1450 740
L 1450 740 1450 702
L 1450 702 1425 702
C 1425 702 1347 702 1318 650
C 1318 650 1298 613 1298 504
L 1298 504 1298 89
C 1298 89 1183 27 1071 -2
C 1071 -2 959 -31 822 -31
C 822 -31 429 -31 225 221
C 225 221 72 410 72 657
C 72 657 72 836 158 1000
C 158 1000 260 1195 438 1300
C 438 1300 587 1387 790 1387
C 790 1387 864 1387 924.5 1375
C 924.5 1375 985 1363 1096 1322
C 1096 1322 1152 1301 1171 1301
C 1171 1301 1190 1301 1203.5 1318.5
C 1203.5 1318.5 1217 1336 1220 1387
L 1220 1387 1257 1387
Index 17
CharIndex 72
BBox 35 0 1437 1356
NumContours 1
Contour 0 50
L 421 727 1051 727
L 1051 727 1051 1115
C 1051 1115 1051 1219 1038 1252
C 1038 1252 1028 1277 996 1295
C 996 1295 953 1319 905 1319
L 905 1319 857 1319
L 857 1319 857 1356
L 857 1356 1437 1356
L 1437 1356 1437 1319
L 1437 1319 1389 1319
C 1389 1319 1341 1319 1298 1296
C 1298 1296 1266 1280 1254.5 1247.5
C 1254.5 1247.5 1243 1215 1243 1115
L 1243 1115 1243 240
C 1243 240 1243 137 1256 104
C 1256 104 1266 79 1297 61
C 1297 61 1341 37 1389 37
L 1389 37 1437 37
L 1437 37 1437 0
L 1437 0 857 0
L 857 0 857 37
L 857 37 905 37
C 905 37 988 37 1026 86
C 1026 86 1051 118 1051 240
L 1051 240 1051 653
L 1051 653 421 653
L 421 653 421 240
C 421 240 421 137 434 104
C 434 104 444 79 476 61
C 476 61 519 37 567 37
L 567 37 616 37
L 616 37 616 0
L 616 0 35 0
L 35 0 35 37
L 35 37 83 37
C 83 37 167 37 205 86
C 205 86 229 118 229 240
L 229 240 229 1115
C 229 1115 229 1219 216 1252
C 216 1252 206 1277 175 1295
C 175 1295 131 1319 83 1319
L 83 1319 35 1319
L 35 1319 35 1356
L 35 1356 616 1356
L 616 1356 616 1319
L 616 1319 567 1319
C 567 1319 519 1319 476 1296
C 476 1296 445 1280 433 1247.5
C 433 1247.5 421 1215 421 1115
L 421 1115 421 727
Index 18
CharIndex 73
BBox 51 0 632 1356
NumContours 1
Contour 0 22
L 632 37 632 0
L 632 0 51 0
L 51 0 51 37
L 51 37 99 37
C 99 37 183 37 221 86
C 221 86 245 118 245 240
L 245 240 245 1116
C 245 1116 245 1219 232 1252
C 232 1252 222 1277 191 1295
C 191 1295 147 1319 99 1319
L 99 1319 51 1319
L 51 1319 51 1356
L 51 1356 632 1356
L 632 1356 632 1319
L 632 1319 583 1319
C 583 1319 500 1319 462 1270
C 462 1270 437 1238 437 1116
L 437 1116 437 240
C 437 240 437 137 450 104
C 450 104 460 79 492 61
C 492 61 535 37 583 37
L 583 37 632 37
Index 19
CharIndex 74
BBox 42 -31 785 1356
NumContours 1
Contour 0 24
L 204 1319 204 1356
L 204 1356 785 1356
L 785 1356 785 1319
L 785 1319 736 1319
C 736 1319 653 1319 615 1270
C 615 1270 591 1238 591 1116
L 591 1116 591 453
C 591 453 591 300 557.5 205
C 557.5 205 524 110 442 39.5
C 442 39.5 360 -31 244 -31
C 244 -31 150 -31 96 15.5
C 96 15.5 42 62 42 122
C 42 122 42 171 67 196
C 67 196 100 227 144 227
C 144 227 176 227 201.5 206
C 201.5 206 227 185 266 94
C 266 94 289 40 325 40
C 325 40 352 40 375.5 73
C 375.5 73 399 106 399 190
L 399 190 399 1116
C 399 1116 399 1219 386 1252
C 386 1252 376 1277 344 1295
C 344 1295 301 1319 253 1319
L 253 1319 204 1319
Index 20
CharIndex 75
BBox 34 0 1496 1356
NumContours 1
Contour 0 49
L 612 752 1112 255
C 1112 255 1235 132 1322 87.5
C 1322 87.5 1409 43 1496 37
L 1496 37 1496 0
L 1496 0 851 0
L 851 0 851 37
C 851 37 909 37 934.5 56.5
C 934.5 56.5 960 76 960 100
C 960 100 960 124 950.5 143
C 950.5 143 941 162 888 214
L 888 214 420 677
L 420 677 420 240
C 420 240 420 137 433 104
C 433 104 443 79 475 61
C 475 61 518 37 566 37
L 566 37 612 37
L 612 37 612 0
L 612 0 34 0
L 34 0 34 37
L 34 37 82 37
C 82 37 166 37 204 86
C 204 86 228 118 228 240
L 228 240 228 1116
C 228 1116 228 1219 215 1253
C 215 1253 205 1277 174 1295
C 174 1295 130 1319 82 1319
L 82 1319 34 1319
L 34 1319 34 1356
L 34 1356 612 1356
L 612 1356 612 1319
L 612 1319 566 1319
C 566 1319 519 1319 475 1296
C 475 1296 444 1280 432 1248
C 432 1248 420 1216 420 1116
L 420 1116 420 701
C 420 701 440 720 557 828
C 557 828 854 1100 916 1191
C 916 1191 943 1231 943 1261
C 943 1261 943 1284 922 1301.5
C 922 1301.5 901 1319 851 1319
L 851 1319 820 1319
L 820 1319 820 1356
L 820 1356 1318 1356
L 1318 1356 1318 1319
C 1318 1319 1274 1318 1238 1307
C 1238 1307 1202 1296 1150 1264.5
C 1150 1264.5 1098 1233 1022 1163
C 1022 1163 1000 1143 819 958
L 819 958 612 752
Index 21
CharIndex 76
BBox 41 0 1207 1356
NumContours 1
Contour 0 25
L 1174 375 1207 368
L 1207 368 1091 0
L 1091 0 41 0
L 41 0 41 37
L 41 37 92 37
C 92 37 178 37 215 93
C 215 93 236 125 236 241
L 236 241 236 1116
C 236 1116 236 1243 208 1275
C 208 1275 169 1319 92 1319
L 92 1319 41 1319
L 41 1319 41 1356
L 41 1356 655 1356
L 655 1356 655 1319
C 655 1319 547 1320 503.5 1299
C 503.5 1299 460 1278 444 1246
C 444 1246 428 1214 428 1093
L 428 1093 428 241
C 428 241 428 158 444 127
C 444 127 456 106 481 96
C 481 96 506 86 637 86
L 637 86 736 86
C 736 86 892 86 955 109
C 955 109 1018 132 1070 190.5
C 1070 190.5 1122 249 1174 375
Index 22
CharIndex 77
BBox 34 0 1778 1356
NumContours 1
Contour 0 37
L 838 0 314 1141
L 314 1141 314 235
C 314 235 314 110 341 79
C 341 79 378 37 458 37
L 458 37 506 37
L 506 37 506 0
L 506 0 34 0
L 34 0 34 37
L 34 37 82 37
C 82 37 168 37 204 89
C 204 89 226 121 226 235
L 226 235 226 1121
C 226 1121 226 1211 206 1251
C 206 1251 192 1280 154.5 1299.5
C 154.5 1299.5 117 1319 34 1319
L 34 1319 34 1356
L 34 1356 418 1356
L 418 1356 910 295
L 910 295 1394 1356
L 1394 1356 1778 1356
L 1778 1356 1778 1319
L 1778 1319 1731 1319
C 1731 1319 1644 1319 1608 1267
C 1608 1267 1586 1235 1586 1121
L 1586 1121 1586 235
C 1586 235 1586 110 1614 79
C 1614 79 1651 37 1731 37
L 1731 37 1778 37
L 1778 37 1778 0
L 1778 0 1202 0
L 1202 0 1202 37
L 1202 37 1250 37
C 1250 37 1337 37 1372 89
C 1372 89 1394 121 1394 235
L 1394 235 1394 1141
L 1394 1141 871 0
L 871 0 838 0
Index 23
CharIndex 78
BBox -27 -22 1450 1356
NumContours 1
Contour 0 30
L -27 1356 341 1356
L 341 1356 1170 339
L 1170 339 1170 1121
C 1170 1121 1170 1246 1142 1277
C 1142 1277 1105 1319 1025 1319
L 1025 1319 978 1319
L 978 1319 978 1356
L 978 1356 1450 1356
L 1450 1356 1450 1319
L 1450 1319 1402 1319
C 1402 1319 1316 1319 1280 1267
C 1280 1267 1258 1235 1258 1121
L 1258 1121 1258 -22
L 1258 -22 1222 -22
L 1222 -22 328 1070
L 328 1070 328 235
C 328 235 328 110 355 79
C 355 79 393 37 472 37
L 472 37 520 37
L 520 37 520 0
L 520 0 48 0
L 48 0 48 37
L 48 37 95 37
C 95 37 182 37 218 89
C 218 89 240 121 240 235
L 240 235 240 1178
C 240 1178 181 1247 150.5 1269
C 150.5 1269 120 1291 61 1310
C 61 1310 32 1319 -27 1319
L -27 1319 -27 1356
Index 24
CharIndex 79
BBox 72 -31 1400 1387
NumContours 2
Contour 0 8
C 749 1387 1013 1387 1206.5 1186.5
C 1206.5 1186.5 1400 986 1400 686
C 1400 686 1400 377 1205 173
C 1205 173 1010 -31 733 -31
C 733 -31 453 -31 262.5 168
C 262.5 168 72 367 72 683
C 72 683 72 1006 292 1210
C 292 1210 483 1387 749 1387
Contour 1 8
C 730 1314 548 1314 438 1179
C 438 1179 301 1011 301 687
C 301 687 301 355 443 176
C 443 176 552 40 731 40
C 731 40 922 40 1046.5 189
C 1046.5 189 1171 338 1171 659
C 1171 659 1171 1007 1034 1178
C 1034 1178 924 1314 730 1314
Index 25
CharIndex 80
BBox 34 0 1067 1356
NumContours 2
Contour 0 23
L 420 635 420 240
C 420 240 420 112 448 81
C 448 81 486 37 563 37
L 563 37 615 37
L 615 37 615 0
L 615 0 34 0
L 34 0 34 37
L 34 37 85 37
C 85 37 171 37 208 93
C 208 93 228 124 228 240
L 228 240 228 1116
C 228 1116 228 1244 201 1275
C 201 1275 162 1319 85 1319
L 85 1319 34 1319
L 34 1319 34 1356
L 34 1356 531 1356
C 531 1356 713 1356 818 1318.5
C 818 1318.5 923 1281 995 1192
C 995 1192 1067 1103 1067 981
C 1067 981 1067 815 957.5 711
C 957.5 711 848 607 648 607
C 648 607 599 607 542 614
C 542 614 485 621 420 635
Contour 1 9
C 420 692 473 682 514 677
C 514 677 555 672 584 672
C 584 672 688 672 763.5 752.5
C 763.5 752.5 839 833 839 961
C 839 961 839 1049 803 1124.5
C 803 1124.5 767 1200 701 1237.5
C 701 1237.5 635 1275 551 1275
C 551 1275 500 1275 420 1256
L 420 1256 420 692
Index 26
CharIndex 81
BBox 72 -401 1401 1387
NumContours 2
Contour 0 15
C 902 -15 1004 -191 1122.5 -274
C 1122.5 -274 1241 -357 1392 -369
L 1392 -369 1392 -401
C 1392 -401 1254 -396 1097 -345.5
C 1097 -345.5 940 -295 799.5 -205.5
C 799.5 -205.5 659 -116 557 -15
C 557 -15 413 43 329 108
C 329 108 207 205 139.5 346.5
C 139.5 346.5 72 488 72 681
C 72 681 72 985 269 1186
C 269 1186 466 1387 746 1387
C 746 1387 1012 1387 1206.5 1185.5
C 1206.5 1185.5 1401 984 1401 677
C 1401 677 1401 428 1262.5 240
C 1262.5 240 1124 52 902 -15
Contour 1 9
C 734 1310 552 1310 441 1180
C 441 1180 301 1017 301 681
C 301 681 301 352 443 174
C 443 174 553 37 734 37
C 734 37 922 37 1037 174
C 1037 174 1172 336 1172 652
C 1172 652 1172 895 1098 1061
C 1098 1061 1041 1189 946.5 1249.5
C 946.5 1249.5 852 1310 734 1310
Index 27
CharIndex 82
BBox 35 0 1384 1356
NumContours 2
Contour 0 30
L 1384 0 1022 0
L 1022 0 563 634
C 563 634 512 632 480 632
C 480 632 467 632 452 632.5
C 452 632.5 437 633 421 634
L 421 634 421 240
C 421 240 421 112 449 81
C 449 81 487 37 563 37
L 563 37 616 37
L 616 37 616 0
L 616 0 35 0
L 35 0 35 37
L 35 37 86 37
C 86 37 172 37 209 93
C 209 93 230 124 230 240
L 230 240 230 1116
C 230 1116 230 1244 202 1275
C 202 1275 163 1319 86 1319
L 86 1319 35 1319
L 35 1319 35 1356
L 35 1356 529 1356
C 529 1356 745 1356 847.5 1324.5
C 847.5 1324.5 950 1293 1021.5 1208.5
C 1021.5 1208.5 1093 1124 1093 1007
C 1093 1007 1093 882 1011.5 790
C 1011.5 790 930 698 759 660
L 759 660 1039 271
C 1039 271 1135 137 1204 93
C 1204 93 1273 49 1384 37
L 1384 37 1384 0
Contour 1 8
C 421 697 440 697 454 696.5
C 454 696.5 468 696 477 696
C 477 696 671 696 769.5 780
C 769.5 780 868 864 868 994
C 868 994 868 1121 788.5 1200.5
C 788.5 1200.5 709 1280 578 1280
C 578 1280 520 1280 421 1261
L 421 1261 421 697
Index 28
CharIndex 83
BBox 128 -31 1029 1387
NumContours 1
Contour 0 40
L 939 1387 939 918
L 939 918 902 918
C 902 918 884 1053 837.5 1133
C 837.5 1133 791 1213 705 1260
C 705 1260 619 1307 527 1307
C 527 1307 423 1307 355 1243.5
C 355 1243.5 287 1180 287 1099
C 287 1099 287 1037 330 986
C 330 986 392 911 625 786
C 625 786 815 684 884.5 629.5
C 884.5 629.5 954 575 991.5 501
C 991.5 501 1029 427 1029 346
C 1029 346 1029 192 909.5 80.5
C 909.5 80.5 790 -31 602 -31
C 602 -31 543 -31 491 -22
C 491 -22 460 -17 362.5 14.5
C 362.5 14.5 265 46 239 46
C 239 46 214 46 199.5 31
C 199.5 31 185 16 178 -31
L 178 -31 141 -31
L 141 -31 141 434
L 141 434 178 434
C 178 434 204 288 248 215.5
C 248 215.5 292 143 382.5 95
C 382.5 95 473 47 581 47
C 581 47 706 47 778.5 113
C 778.5 113 851 179 851 269
C 851 269 851 319 823.5 370
C 823.5 370 796 421 738 465
C 738 465 699 495 525 592.5
C 525 592.5 351 690 277.5 748
C 277.5 748 204 806 166 876
C 166 876 128 946 128 1030
C 128 1030 128 1176 240 1281.5
C 240 1281.5 352 1387 525 1387
C 525 1387 633 1387 754 1334
C 754 1334 810 1309 833 1309
C 833 1309 859 1309 875.5 1324.5
C 875.5 1324.5 892 1340 902 1387
L 902 1387 939 1387
Index 29
CharIndex 84
BBox 62 0 1200 1356
NumContours 1
Contour 0 24
L 1185 1356 1200 1038
L 1200 1038 1162 1038
C 1162 1038 1151 1122 1132 1158
C 1132 1158 1101 1216 1049.5 1243.5
C 1049.5 1243.5 998 1271 914 1271
L 914 1271 723 1271
L 723 1271 723 235
C 723 235 723 110 750 79
C 750 79 788 37 867 37
L 867 37 914 37
L 914 37 914 0
L 914 0 339 0
L 339 0 339 37
L 339 37 387 37
C 387 37 473 37 509 89
C 509 89 531 121 531 235
L 531 235 531 1271
L 531 1271 368 1271
C 368 1271 273 1271 233 1257
C 233 1257 181 1238 144 1184
C 144 1184 107 1130 100 1038
L 100 1038 62 1038
L 62 1038 78 1356
L 78 1356 1185 1356
Index 30
CharIndex 85
BBox 11 -32 1457 1356
NumContours 1
Contour 0 35
L 977 1319 977 1356
L 977 1356 1457 1356
L 1457 1356 1457 1319
L 1457 1319 1406 1319
C 1406 1319 1326 1319 1283 1252
C 1283 1252 1262 1221 1262 1108
L 1262 1108 1262 558
C 1262 558 1262 354 1221.5 241.5
C 1221.5 241.5 1181 129 1062.5 48.5
C 1062.5 48.5 944 -32 740 -32
C 740 -32 518 -32 403 45
C 403 45 288 122 240 252
C 240 252 208 341 208 586
L 208 586 208 1116
C 208 1116 208 1241 173.5 1280
C 173.5 1280 139 1319 62 1319
L 62 1319 11 1319
L 11 1319 11 1356
L 11 1356 597 1356
L 597 1356 597 1319
L 597 1319 545 1319
C 545 1319 461 1319 425 1266
C 425 1266 400 1230 400 1116
L 400 1116 400 525
C 400 525 400 446 414.5 344
C 414.5 344 429 242 467 185
C 467 185 505 128 576.5 91
C 576.5 91 648 54 752 54
C 752 54 885 54 990 112
C 990 112 1095 170 1133.5 260.5
C 1133.5 260.5 1172 351 1172 567
L 1172 567 1172 1116
C 1172 1116 1172 1243 1144 1275
C 1144 1275 1105 1319 1028 1319
L 1028 1319 977 1319
Index 31
CharIndex 86
BBox 18 -31 1454 1356
NumContours 1
Contour 0 23
L 1454 1356 1454 1319
C 1454 1319 1382 1306 1345 1273
C 1345 1273 1292 1224 1251 1123
L 1251 1123 778 -31
L 778 -31 741 -31
L 741 -31 233 1138
C 233 1138 194 1228 178 1248
C 178 1248 153 1279 116.5 1296.5
C 116.5 1296.5 80 1314 18 1319
L 18 1319 18 1356
L 18 1356 572 1356
L 572 1356 572 1319
C 572 1319 478 1310 450 1287
C 450 1287 422 1264 422 1228
C 422 1228 422 1178 468 1072
L 468 1072 813 277
L 813 277 1133 1062
C 1133 1062 1180 1178 1180 1223
C 1180 1223 1180 1252 1151 1278.5
C 1151 1278.5 1122 1305 1053 1316
C 1053 1316 1048 1317 1036 1319
L 1036 1319 1036 1356
L 1036 1356 1454 1356
Index 32
CharIndex 87
BBox 27 -31 1917 1356
NumContours 1
Contour 0 43
L 1917 1356 1917 1319
C 1917 1319 1864 1319 1831 1300
C 1831 1300 1798 1281 1768 1229
C 1768 1229 1748 1194 1705 1062
L 1705 1062 1327 -31
L 1327 -31 1287 -31
L 1287 -31 978 836
L 978 836 671 -31
L 671 -31 635 -31
L 635 -31 232 1095
C 232 1095 187 1221 175 1244
C 175 1244 155 1282 120.5 1300.5
C 120.5 1300.5 86 1319 27 1319
L 27 1319 27 1356
L 27 1356 529 1356
L 529 1356 529 1319
L 529 1319 505 1319
C 505 1319 452 1319 424 1295
C 424 1295 396 1271 396 1237
C 396 1237 396 1202 440 1076
L 440 1076 707 315
L 707 315 932 962
L 932 962 892 1076
L 892 1076 860 1167
C 860 1167 839 1217 813 1255
C 813 1255 800 1274 781 1287
C 781 1287 756 1305 731 1313
C 731 1313 712 1319 671 1319
L 671 1319 671 1356
L 671 1356 1199 1356
L 1199 1356 1199 1319
L 1199 1319 1163 1319
C 1163 1319 1107 1319 1081 1295
C 1081 1295 1055 1271 1055 1230
C 1055 1230 1055 1179 1100 1052
L 1100 1052 1360 315
L 1360 315 1618 1062
C 1618 1062 1662 1186 1662 1234
C 1662 1234 1662 1257 1647.5 1277
C 1647.5 1277 1633 1297 1611 1305
C 1611 1305 1573 1319 1512 1319
L 1512 1319 1512 1356
L 1512 1356 1917 1356
Index 33
CharIndex 88
BBox 15 0 1455 1356
NumContours 1
Contour 0 47
L 836 751 1127 317
C 1127 317 1248 137 1306.5 89.5
C 1306.5 89.5 1365 42 1455 37
L 1455 37 1455 0
L 1455 0 873 0
L 873 0 873 37
C 873 37 931 38 959 49
C 959 49 980 58 993.5 76.5
C 993.5 76.5 1007 95 1007 114
C 1007 114 1007 137 998 160
C 998 160 991 177 943 248
L 943 248 713 596
L 713 596 429 232
C 429 232 384 174 375 154.5
C 375 154.5 366 135 366 114
C 366 114 366 82 393 61
C 393 61 420 40 496 37
L 496 37 496 0
L 496 0 15 0
L 15 0 15 37
C 15 37 66 42 103 58
C 103 58 165 84 221 128
C 221 128 277 172 349 263
L 349 263 669 667
L 669 667 402 1058
C 402 1058 293 1217 217 1266.5
C 217 1266.5 141 1316 42 1319
L 42 1319 42 1356
L 42 1356 669 1356
L 669 1356 669 1319
C 669 1319 589 1316 559.5 1293
C 559.5 1293 530 1270 530 1242
C 530 1242 530 1205 578 1134
L 578 1134 786 823
L 786 823 1027 1128
C 1027 1128 1069 1182 1078.5 1202
C 1078.5 1202 1088 1222 1088 1243
C 1088 1243 1088 1264 1076 1280
C 1076 1280 1061 1301 1038 1309.5
C 1038 1309.5 1015 1318 943 1319
L 943 1319 943 1356
L 943 1356 1424 1356
L 1424 1356 1424 1319
C 1424 1319 1367 1316 1331 1301
C 1331 1301 1277 1278 1232 1239
C 1232 1239 1187 1200 1105 1095
L 1105 1095 836 751
Index 34
CharIndex 89
BBox 19 0 1449 1356
NumContours 1
Contour 0 36
L 976 1356 1449 1356
L 1449 1356 1449 1319
L 1449 1319 1423 1319
C 1423 1319 1397 1319 1347 1296
C 1347 1296 1297 1273 1256 1230
C 1256 1230 1215 1187 1155 1090
L 1155 1090 828 575
L 828 575 828 235
C 828 235 828 110 856 79
C 856 79 894 37 976 37
L 976 37 1020 37
L 1020 37 1020 0
L 1020 0 444 0
L 444 0 444 37
L 444 37 492 37
C 492 37 578 37 614 89
C 614 89 636 121 636 235
L 636 235 636 556
L 636 556 264 1124
C 264 1124 198 1224 174.5 1249
C 174.5 1249 151 1274 77 1309
C 77 1309 57 1319 19 1319
L 19 1319 19 1356
L 19 1356 599 1356
L 599 1356 599 1319
L 599 1319 569 1319
C 569 1319 522 1319 482.5 1297
C 482.5 1297 443 1275 443 1231
C 443 1231 443 1195 504 1101
L 504 1101 787 664
L 787 664 1053 1082
C 1053 1082 1113 1176 1113 1222
C 1113 1222 1113 1250 1098.5 1272
C 1098.5 1272 1084 1294 1057 1306.5
C 1057 1306.5 1030 1319 976 1319
L 976 1319 976 1356
Index 35
CharIndex 90
BBox 26 0 1194 1356
NumContours 1
Contour 0 16
L 1178 1356 287 82
L 287 82 843 82
C 843 82 971 82 1039.5 138
C 1039.5 138 1108 194 1161 365
L 1161 365 1194 359
L 1194 359 1130 0
L 1130 0 26 0
L 26 0 26 37
L 26 37 896 1275
L 896 1275 462 1275
C 462 1275 354 1275 305.5 1251.5
C 305.5 1251.5 257 1228 231.5 1183.5
C 231.5 1183.5 206 1139 185 1017
L 185 1017 147 1017
L 147 1017 175 1356
L 175 1356 1178 1356
Index 36
CharIndex 97
BBox 73 -19 905 943
NumContours 2
Contour 0 32
C 583 132 442 23 406 6
C 406 6 352 -19 291 -19
C 291 -19 196 -19 134.5 46
C 134.5 46 73 111 73 217
C 73 217 73 284 103 333
C 103 333 144 401 245.5 461
C 245.5 461 347 521 583 607
L 583 607 583 643
C 583 643 583 780 539.5 831
C 539.5 831 496 882 413 882
C 413 882 350 882 313 848
C 313 848 275 814 275 770
L 275 770 277 712
C 277 712 277 666 253.5 641
C 253.5 641 230 616 192 616
C 192 616 155 616 131.5 642
C 131.5 642 108 668 108 713
C 108 713 108 799 196 871
C 196 871 284 943 443 943
C 443 943 565 943 643 902
C 643 902 702 871 730 805
C 730 805 748 762 748 629
L 748 629 748 318
C 748 318 748 187 753 157.5
C 753 157.5 758 128 769.5 118
C 769.5 118 781 108 796 108
C 796 108 812 108 824 115
C 824 115 845 128 905 188
L 905 188 905 132
C 905 132 793 -18 691 -18
C 691 -18 642 -18 613 16
C 613 16 584 50 583 132
Contour 1 7
L 583 197 583 546
C 583 546 432 486 388 461
C 388 461 309 417 275 369
C 275 369 241 321 241 264
C 241 264 241 192 284 144.5
C 284 144.5 327 97 383 97
C 383 97 459 97 583 197
Index 37
CharIndex 98
BBox -5 -28 953 1422
NumContours 2
Contour 0 16
C 315 758 448 943 602 943
C 602 943 743 943 848 822.5
C 848 822.5 953 702 953 493
C 953 493 953 249 791 100
C 791 100 652 -28 481 -28
C 481 -28 401 -28 318.5 1
C 318.5 1 236 30 150 88
L 150 88 150 1037
C 150 1037 150 1193 142.5 1229
C 142.5 1229 135 1265 119 1278
C 119 1278 103 1291 79 1291
C 79 1291 51 1291 9 1275
L 9 1275 -5 1310
L -5 1310 270 1422
L 270 1422 315 1422
L 315 1422 315 758
Contour 1 9
L 315 694 315 146
C 315 146 366 96 420.5 70.5
C 420.5 70.5 475 45 532 45
C 532 45 623 45 701.5 145
C 701.5 145 780 245 780 436
C 780 436 780 612 701.5 706.5
C 701.5 706.5 623 801 523 801
C 523 801 470 801 417 774
C 417 774 377 754 315 694
Index 38
CharIndex 99
BBox 70 -28 842 943
NumContours 1
Contour 0 21
C 842 348 805 167 697 69.5
C 697 69.5 589 -28 458 -28
C 458 -28 302 -28 186 103
C 186 103 70 234 70 457
C 70 457 70 673 198.5 808
C 198.5 808 327 943 507 943
C 507 943 642 943 729 871.5
C 729 871.5 816 800 816 723
C 816 723 816 685 791.5 661.5
C 791.5 661.5 767 638 723 638
C 723 638 664 638 634 676
C 634 676 617 697 611.5 756
C 611.5 756 606 815 571 846
C 571 846 536 876 474 876
C 474 876 374 876 313 802
C 313 802 232 704 232 543
C 232 543 232 379 312.5 253.5
C 312.5 253.5 393 128 530 128
C 530 128 628 128 706 195
C 706 195 761 241 813 362
L 813 362 842 348
Index 39
CharIndex 100
BBox 68 -28 1029 1422
NumContours 2
Contour 0 24
C 711 103 644 33 580 2.5
C 580 2.5 516 -28 442 -28
C 442 -28 292 -28 180 97.5
C 180 97.5 68 223 68 420
C 68 420 68 617 192 780.5
C 192 780.5 316 944 511 944
C 511 944 632 944 711 867
L 711 867 711 1036
C 711 1036 711 1193 703.5 1229
C 703.5 1229 696 1265 680 1278
C 680 1278 664 1291 640 1291
C 640 1291 614 1291 571 1275
L 571 1275 558 1310
L 558 1310 831 1422
L 831 1422 876 1422
L 876 1422 876 363
C 876 363 876 202 883.5 166.5
C 883.5 166.5 891 131 907.5 117
C 907.5 117 924 103 946 103
C 946 103 973 103 1018 120
L 1018 120 1029 85
L 1029 85 757 -28
L 757 -28 711 -28
L 711 -28 711 103
Contour 1 9
L 711 173 711 645
C 711 645 705 713 675 769
C 675 769 645 825 595.5 853.5
C 595.5 853.5 546 882 499 882
C 499 882 411 882 342 803
C 342 803 251 699 251 499
C 251 499 251 297 339 189.5
C 339 189.5 427 82 535 82
C 535 82 626 82 711 173
Index 40
CharIndex 101
BBox 76 -28 851 944
NumContours 2
Contour 0 14
C 218 571 217 367 317 251
C 317 251 417 135 552 135
C 552 135 642 135 708.5 184.5
C 708.5 184.5 775 234 820 354
L 820 354 851 334
C 851 334 830 197 729 84.5
C 729 84.5 628 -28 476 -28
C 476 -28 311 -28 193.5 100.5
C 193.5 100.5 76 229 76 446
C 76 446 76 681 196.5 812.5
C 196.5 812.5 317 944 499 944
C 499 944 653 944 752 842.5
C 752 842.5 851 741 851 571
L 851 571 218 571
Contour 1 6
L 218 629 642 629
C 642 629 637 717 621 753
C 621 753 596 809 546.5 841
C 546.5 841 497 873 443 873
C 443 873 360 873 294.5 808.5
C 294.5 808.5 229 744 218 629
Index 41
CharIndex 102
BBox 79 0 890 1420
NumContours 1
Contour 0 34
L 422 844 422 242
C 422 242 422 114 450 80
C 450 80 487 36 549 36
L 549 36 632 36
L 632 36 632 0
L 632 0 85 0
L 85 0 85 36
L 85 36 126 36
C 126 36 166 36 199 56
C 199 56 232 76 244.5 110
C 244.5 110 257 144 257 242
L 257 242 257 844
L 257 844 79 844
L 79 844 79 916
L 79 916 257 916
L 257 916 257 976
C 257 976 257 1113 301 1208
C 301 1208 345 1303 435.5 1361.5
C 435.5 1361.5 526 1420 639 1420
C 639 1420 744 1420 832 1352
C 832 1352 890 1307 890 1251
C 890 1251 890 1221 864 1194.5
C 864 1194.5 838 1168 808 1168
C 808 1168 785 1168 759.5 1184.5
C 759.5 1184.5 734 1201 697 1255.5
C 697 1255.5 660 1310 629 1329
C 629 1329 598 1348 560 1348
C 560 1348 514 1348 482 1323.5
C 482 1323.5 450 1299 436 1247.5
C 436 1247.5 422 1196 422 982
L 422 982 422 916
L 422 916 658 916
L 658 916 658 844
L 658 844 422 844
Index 42
CharIndex 103
BBox 61 -442 987 943
NumContours 3
Contour 0 36
C 309 334 225 375 180 448.5
C 180 448.5 135 522 135 611
C 135 611 135 747 237.5 845
C 237.5 845 340 943 500 943
C 500 943 631 943 727 879
L 727 879 921 879
C 921 879 964 879 971 876.5
C 971 876.5 978 874 981 868
C 981 868 987 859 987 836
C 987 836 987 810 982 800
C 982 800 979 795 971.5 792
C 971.5 792 964 789 921 789
L 921 789 802 789
C 802 789 858 717 858 605
C 858 605 858 477 760 386
C 760 386 662 295 497 295
C 497 295 429 295 358 315
C 358 315 314 277 298.5 248.5
C 298.5 248.5 283 220 283 200
C 283 200 283 183 299.5 167
C 299.5 167 316 151 364 144
C 364 144 392 140 504 137
C 504 137 710 132 771 123
C 771 123 864 110 919.5 54
C 919.5 54 975 -2 975 -84
C 975 -84 975 -197 869 -296
C 869 -296 713 -442 462 -442
C 462 -442 269 -442 136 -355
C 136 -355 61 -305 61 -251
C 61 -251 61 -227 72 -203
C 72 -203 89 -166 142 -100
C 142 -100 149 -91 244 8
C 244 8 192 39 170.5 63.5
C 170.5 63.5 149 88 149 119
C 149 119 149 154 177.5 201
C 177.5 201 206 248 309 334
Contour 1 8
C 483 895 409 895 359 836
C 359 836 309 777 309 655
C 309 655 309 497 377 410
C 377 410 429 344 509 344
C 509 344 585 344 634 401
C 634 401 683 458 683 580
C 683 580 683 739 614 829
C 614 829 563 895 483 895
Contour 2 9
C 299 0 252 -51 228 -95
C 228 -95 204 -139 204 -176
C 204 -176 204 -224 262 -260
C 262 -260 362 -322 551 -322
C 551 -322 731 -322 816.5 -258.5
C 816.5 -258.5 902 -195 902 -123
C 902 -123 902 -71 851 -49
C 851 -49 799 -27 645 -23
C 645 -23 420 -17 299 0
Index 43
CharIndex 104
BBox 13 0 1011 1422
NumContours 1
Contour 0 41
L 333 1422 333 752
C 333 752 444 874 509 908.5
C 509 908.5 574 943 639 943
C 639 943 717 943 773 900
C 773 900 829 857 856 765
C 856 765 875 701 875 531
L 875 531 875 207
C 875 207 875 120 889 88
C 889 88 899 64 923 50
C 923 50 947 36 1011 36
L 1011 36 1011 0
L 1011 0 561 0
L 561 0 561 36
L 561 36 582 36
C 582 36 646 36 671 55.5
C 671 55.5 696 75 706 113
C 706 113 709 129 709 207
L 709 207 709 531
C 709 531 709 681 693.5 728
C 693.5 728 678 775 644 798.5
C 644 798.5 610 822 562 822
C 562 822 513 822 460 796
C 460 796 407 770 333 691
L 333 691 333 207
C 333 207 333 113 343.5 90
C 343.5 90 354 67 382.5 51.5
C 382.5 51.5 411 36 481 36
L 481 36 481 0
L 481 0 27 0
L 27 0 27 36
C 27 36 88 36 123 55
C 123 55 143 65 155 93
C 155 93 167 121 167 207
L 167 207 167 1036
C 167 1036 167 1193 159.5 1229
C 159.5 1229 152 1265 136.5 1278
C 136.5 1278 121 1291 95 1291
C 95 1291 74 1291 27 1275
L 27 1275 13 1310
L 13 1310 287 1422
L 287 1422 333 1422
Index 44
CharIndex 105
BBox 60 0 519 1422
NumContours 2
Contour 0 8
C 297 1422 339 1422 368.5 1392.5
C 368.5 1392.5 398 1363 398 1321
C 398 1321 398 1279 368.5 1249
C 368.5 1249 339 1219 297 1219
C 297 1219 255 1219 225 1249
C 225 1249 195 1279 195 1321
C 195 1321 195 1363 224.5 1392.5
C 224.5 1392.5 254 1422 297 1422
Contour 1 18
L 380 943 380 207
C 380 207 380 121 392.5 92.5
C 392.5 92.5 405 64 429.5 50
C 429.5 50 454 36 519 36
L 519 36 519 0
L 519 0 74 0
L 74 0 74 36
C 74 36 141 36 164 49
C 164 49 187 62 200.5 92
C 200.5 92 214 122 214 207
L 214 207 214 560
C 214 560 214 709 205 753
C 205 753 198 785 183 797.5
C 183 797.5 168 810 142 810
C 142 810 114 810 74 795
L 74 795 60 831
L 60 831 336 943
L 336 943 380 943
Index 45
CharIndex 106
BBox -157 -442 399 1423
NumContours 2
Contour 0 8
C 296 1423 339 1423 369 1393
C 369 1393 399 1363 399 1320
C 399 1320 399 1278 369 1248
C 369 1248 339 1218 296 1218
C 296 1218 254 1218 224 1248
C 224 1248 194 1278 194 1320
C 194 1320 194 1363 224 1393
C 224 1393 254 1423 296 1423
Contour 1 21
L 382 943 382 21
C 382 21 382 -214 282 -328
C 282 -328 182 -442 22 -442
C 22 -442 -69 -442 -113 -409
C -113 -409 -157 -376 -157 -341
C -157 -341 -157 -306 -132.5 -281
C -132.5 -281 -108 -256 -75 -256
C -75 -256 -49 -256 -22 -269
C -22 -269 -5 -276 43.5 -319.5
C 43.5 -319.5 92 -363 125 -363
C 125 -363 149 -363 172 -344.5
C 172 -344.5 195 -326 206 -282.5
C 206 -282.5 217 -239 217 -94
L 217 -94 217 558
C 217 558 217 709 208 752
C 208 752 201 785 186 797.5
C 186 797.5 171 810 145 810
C 145 810 117 810 77 795
L 77 795 63 831
L 63 831 339 943
L 339 943 382 943
Index 46
CharIndex 107
BBox 17 0 1036 1422
NumContours 1
Contour 0 41
L 335 1422 335 511
L 335 511 568 723
C 568 723 642 791 654 809
C 654 809 662 821 662 833
C 662 833 662 853 645.5 867.5
C 645.5 867.5 629 882 591 884
L 591 884 591 916
L 591 916 989 916
L 989 916 989 884
C 989 884 907 882 852.5 859
C 852.5 859 798 836 733 777
L 733 777 498 560
L 498 560 733 263
C 733 263 831 140 865 107
C 865 107 913 60 949 46
C 949 46 974 36 1036 36
L 1036 36 1036 0
L 1036 0 591 0
L 591 0 591 36
C 591 36 629 37 642.5 47.5
C 642.5 47.5 656 58 656 77
C 656 77 656 100 616 151
L 616 151 335 510
L 335 510 335 206
C 335 206 335 117 347.5 89
C 347.5 89 360 61 383 49
C 383 49 406 37 483 36
L 483 36 483 0
L 483 0 17 0
L 17 0 17 36
C 17 36 87 36 122 53
C 122 53 143 64 154 87
C 154 87 169 120 169 201
L 169 201 169 1035
C 169 1035 169 1194 162 1229.5
C 162 1229.5 155 1265 139 1278.5
C 139 1278.5 123 1292 97 1292
C 97 1292 76 1292 34 1275
L 34 1275 17 1310
L 17 1310 289 1422
L 289 1422 335 1422
Index 47
CharIndex 108
BBox 61 0 527 1422
NumContours 1
Contour 0 18
L 379 1422 379 207
C 379 207 379 121 391.5 93
C 391.5 93 404 65 430 50.5
C 430 50.5 456 36 527 36
L 527 36 527 0
L 527 0 78 0
L 78 0 78 36
C 78 36 141 36 164 49
C 164 49 187 62 200 92
C 200 92 213 122 213 207
L 213 207 213 1039
C 213 1039 213 1194 206 1229.5
C 206 1229.5 199 1265 183.5 1278
C 183.5 1278 168 1291 144 1291
C 144 1291 118 1291 78 1275
L 78 1275 61 1310
L 61 1310 334 1422
L 334 1422 379 1422
Index 48
CharIndex 109
BBox 17 0 1584 943
NumContours 1
Contour 0 62
C 336 748 436 848 454 863
C 454 863 499 901 551 922
C 551 922 603 943 654 943
C 654 943 740 943 802 893
C 802 893 864 843 885 748
C 885 748 988 868 1059 905.5
C 1059 905.5 1130 943 1205 943
C 1205 943 1278 943 1334.5 905.5
C 1334.5 905.5 1391 868 1424 783
C 1424 783 1446 725 1446 601
L 1446 601 1446 207
C 1446 207 1446 121 1459 89
C 1459 89 1469 67 1496 51.5
C 1496 51.5 1523 36 1584 36
L 1584 36 1584 0
L 1584 0 1132 0
L 1132 0 1132 36
L 1132 36 1151 36
C 1151 36 1210 36 1243 59
C 1243 59 1266 75 1276 110
C 1276 110 1280 127 1280 207
L 1280 207 1280 601
C 1280 601 1280 713 1253 759
C 1253 759 1214 823 1128 823
C 1128 823 1075 823 1021.5 796.5
C 1021.5 796.5 968 770 892 698
L 892 698 890 687
L 890 687 892 644
L 892 644 892 207
C 892 207 892 113 902.5 90
C 902.5 90 913 67 942 51.5
C 942 51.5 971 36 1041 36
L 1041 36 1041 0
L 1041 0 578 0
L 578 0 578 36
C 578 36 654 36 682.5 54
C 682.5 54 711 72 722 108
C 722 108 727 125 727 207
L 727 207 727 601
C 727 601 727 713 694 762
C 694 762 650 826 571 826
C 571 826 517 826 464 797
C 464 797 381 753 336 698
L 336 698 336 207
C 336 207 336 117 348.5 90
C 348.5 90 361 63 385.5 49.5
C 385.5 49.5 410 36 485 36
L 485 36 485 0
L 485 0 32 0
L 32 0 32 36
C 32 36 95 36 120 49.5
C 120 49.5 145 63 158 92.5
C 158 92.5 171 122 171 207
L 171 207 171 557
C 171 557 171 708 162 752
C 162 752 155 785 140 797.5
C 140 797.5 125 810 99 810
C 99 810 71 810 32 795
L 32 795 17 831
L 17 831 293 943
L 293 943 336 943
L 336 943 336 748
Index 49
CharIndex 110
BBox 12 0 1015 943
NumContours 1
Contour 0 38
C 331 749 492 943 638 943
C 638 943 713 943 767 905.5
C 767 905.5 821 868 853 782
C 853 782 875 722 875 598
L 875 598 875 207
C 875 207 875 120 889 89
C 889 89 900 64 924.5 50
C 924.5 50 949 36 1015 36
L 1015 36 1015 0
L 1015 0 562 0
L 562 0 562 36
L 562 36 581 36
C 581 36 645 36 670.5 55.5
C 670.5 55.5 696 75 706 113
C 706 113 710 128 710 207
L 710 207 710 582
C 710 582 710 707 677.5 763.5
C 677.5 763.5 645 820 568 820
C 568 820 449 820 331 690
L 331 690 331 207
C 331 207 331 114 342 92
C 342 92 356 63 380.5 49.5
C 380.5 49.5 405 36 480 36
L 480 36 480 0
L 480 0 27 0
L 27 0 27 36
L 27 36 47 36
C 47 36 117 36 141.5 71.5
C 141.5 71.5 166 107 166 207
L 166 207 166 547
C 166 547 166 712 158.5 748
C 158.5 748 151 784 135.5 797
C 135.5 797 120 810 94 810
C 94 810 66 810 27 795
L 27 795 12 831
L 12 831 288 943
L 288 943 331 943
L 331 943 331 749
Index 50
CharIndex 111
BBox 69 -28 953 943
NumContours 2
Contour 0 10
C 512 943 720 943 846 785
C 846 785 953 650 953 475
C 953 475 953 352 894 226
C 894 226 835 100 731.5 36
C 731.5 36 628 -28 501 -28
C 501 -28 294 -28 172 137
C 172 137 69 276 69 449
C 69 449 69 575 131.5 699.5
C 131.5 699.5 194 824 296 883.5
C 296 883.5 398 943 512 943
Contour 1 9
C 481 878 428 878 374.5 846.5
C 374.5 846.5 321 815 288 736
C 288 736 255 657 255 533
C 255 533 255 333 334.5 188
C 334.5 188 414 43 544 43
C 544 43 641 43 704 123
C 704 123 767 203 767 398
C 767 398 767 642 662 782
C 662 782 591 878 481 878
Index 51
CharIndex 112
BBox -7 -438 954 943
NumContours 2
Contour 0 28
L -2 825 280 939
L 280 939 318 939
L 318 939 318 725
C 318 725 389 846 460.5 894.5
C 460.5 894.5 532 943 611 943
C 611 943 749 943 841 835
C 841 835 954 703 954 491
C 954 491 954 254 818 99
C 818 99 706 -28 536 -28
C 536 -28 462 -28 408 -7
C 408 -7 368 8 318 53
L 318 53 318 -226
C 318 -226 318 -320 329.5 -345.5
C 329.5 -345.5 341 -371 369.5 -386
C 369.5 -386 398 -401 473 -401
L 473 -401 473 -438
L 473 -438 -7 -438
L -7 -438 -7 -401
L -7 -401 18 -401
C 18 -401 73 -402 112 -380
C 112 -380 131 -369 141.5 -344.5
C 141.5 -344.5 152 -320 152 -220
L 152 -220 152 646
C 152 646 152 735 144 759
C 144 759 136 783 118.5 795
C 118.5 795 101 807 71 807
C 71 807 47 807 10 793
L 10 793 -2 825
Contour 1 10
L 318 666 318 324
C 318 324 318 213 327 178
C 327 178 341 120 395.5 76
C 395.5 76 450 32 533 32
C 533 32 633 32 695 110
C 695 110 776 212 776 397
C 776 397 776 607 684 720
C 684 720 620 798 532 798
C 532 798 484 798 437 774
C 437 774 401 756 318 666
Index 52
CharIndex 113
BBox 68 -438 1024 943
NumContours 2
Contour 0 22
L 875 943 875 -235
C 875 -235 875 -323 887 -348
C 887 -348 899 -373 924.5 -387
C 924.5 -387 950 -401 1024 -401
L 1024 -401 1024 -438
L 1024 -438 562 -438
L 562 -438 562 -401
L 562 -401 581 -401
C 581 -401 637 -401 666 -385
C 666 -385 686 -374 698 -345.5
C 698 -345.5 710 -317 710 -235
L 710 -235 710 159
C 710 159 619 51 551 11.5
C 551 11.5 483 -28 410 -28
C 410 -28 277 -28 172.5 93
C 172.5 93 68 214 68 417
C 68 417 68 650 206 796.5
C 206 796.5 344 943 539 943
C 539 943 596 943 644 927
C 644 927 692 911 730 879
C 730 879 788 907 841 943
L 841 943 875 943
Contour 1 10
L 710 222 710 652
C 710 652 710 727 690.5 770
C 690.5 770 671 813 621 843
C 621 843 571 873 508 873
C 508 873 396 873 316 778
C 316 778 236 683 236 490
C 236 490 236 305 317.5 209
C 317.5 209 399 113 514 113
C 514 113 573 113 619 138.5
C 619 138.5 665 164 710 222
Index 53
CharIndex 114
BBox 13 0 695 943
NumContours 1
Contour 0 28
L 332 943 332 737
C 332 737 447 943 568 943
C 568 943 623 943 659 909.5
C 659 909.5 695 876 695 832
C 695 832 695 793 669 766
C 669 766 643 739 607 739
C 607 739 572 739 528.5 773.5
C 528.5 773.5 485 808 464 808
C 464 808 446 808 425 788
C 425 788 380 747 332 653
L 332 653 332 214
C 332 214 332 138 351 99
C 351 99 364 72 397 54
C 397 54 430 36 492 36
L 492 36 492 0
L 492 0 23 0
L 23 0 23 36
C 23 36 93 36 127 58
C 127 58 152 74 162 109
C 162 109 167 126 167 206
L 167 206 167 561
C 167 561 167 721 160.5 751.5
C 160.5 751.5 154 782 136.5 796
C 136.5 796 119 810 93 810
C 93 810 62 810 23 795
L 23 795 13 831
L 13 831 290 943
L 290 943 332 943
Index 54
CharIndex 115
BBox 100 -28 725 943
NumContours 1
Contour 0 33
L 656 943 656 631
L 656 631 623 631
C 623 631 585 778 525.5 831
C 525.5 831 466 884 374 884
C 374 884 304 884 261 847
C 261 847 218 810 218 765
C 218 765 218 709 250 669
C 250 669 281 628 376 582
L 376 582 522 511
C 522 511 725 412 725 250
C 725 250 725 125 630.5 48.5
C 630.5 48.5 536 -28 419 -28
C 419 -28 335 -28 227 2
C 227 2 194 12 173 12
C 173 12 150 12 137 -14
L 137 -14 104 -14
L 104 -14 104 313
L 104 313 137 313
C 137 313 165 173 244 102
C 244 102 323 31 421 31
C 421 31 490 31 533.5 71.5
C 533.5 71.5 577 112 577 169
C 577 169 577 238 528.5 285
C 528.5 285 480 332 335 404
C 335 404 190 476 145 534
C 145 534 100 591 100 678
C 100 678 100 791 177.5 867
C 177.5 867 255 943 378 943
C 378 943 432 943 509 920
C 509 920 560 905 577 905
C 577 905 593 905 602 912
C 602 912 611 919 623 943
L 623 943 656 943
Index 55
CharIndex 116
BBox 20 -15 572 1217
NumContours 1
Contour 0 22
L 330 1217 330 916
L 330 916 544 916
L 544 916 544 846
L 544 846 330 846
L 330 846 330 252
C 330 252 330 163 355.5 132
C 355.5 132 381 101 421 101
C 421 101 454 101 485 121.5
C 485 121.5 516 142 533 182
L 533 182 572 182
C 572 182 537 84 473 34.5
C 473 34.5 409 -15 341 -15
C 341 -15 295 -15 251 10.5
C 251 10.5 207 36 186 83.5
C 186 83.5 165 131 165 230
L 165 230 165 846
L 165 846 20 846
L 20 846 20 879
C 20 879 75 901 132.5 953.5
C 132.5 953.5 190 1006 235 1078
C 235 1078 258 1116 299 1217
L 299 1217 330 1217
Index 56
CharIndex 117
BBox 2 -28 1021 916
NumContours 1
Contour 0 30
L 867 916 867 361
C 867 361 867 202 874.5 166.5
C 874.5 166.5 882 131 898.5 117
C 898.5 117 915 103 937 103
C 937 103 968 103 1007 120
L 1007 120 1021 85
L 1021 85 747 -28
L 747 -28 702 -28
L 702 -28 702 166
C 702 166 584 38 522 5
C 522 5 460 -28 391 -28
C 391 -28 314 -28 257.5 16.5
C 257.5 16.5 201 61 179 131
C 179 131 157 201 157 329
L 157 329 157 738
C 157 738 157 803 143 828
C 143 828 129 853 101.5 866.5
C 101.5 866.5 74 880 2 879
L 2 879 2 916
L 2 916 323 916
L 323 916 323 303
C 323 303 323 175 367.5 135
C 367.5 135 412 95 475 95
C 475 95 518 95 572.5 122
C 572.5 122 627 149 702 225
L 702 225 702 744
C 702 744 702 822 673.5 849.5
C 673.5 849.5 645 877 555 879
L 555 879 555 916
L 555 916 867 916
Index 57
CharIndex 118
BBox 17 -28 1005 916
NumContours 1
Contour 0 24
L 17 916 448 916
L 448 916 448 879
L 448 879 420 879
C 420 879 381 879 360.5 860
C 360.5 860 340 841 340 809
C 340 809 340 774 361 726
L 361 726 574 220
L 574 220 788 745
C 788 745 811 801 811 830
C 811 830 811 844 803 853
C 803 853 792 868 775 873.5
C 775 873.5 758 879 706 879
L 706 879 706 916
L 706 916 1005 916
L 1005 916 1005 879
C 1005 879 953 875 933 858
C 933 858 898 828 870 758
L 870 758 545 -28
L 545 -28 504 -28
L 504 -28 177 745
C 177 745 155 799 135 822.5
C 135 822.5 115 846 84 862
C 84 862 67 871 17 879
L 17 879 17 916
Index 58
CharIndex 119
BBox 13 -28 1460 916
NumContours 1
Contour 0 34
L 13 916 397 916
L 397 916 397 879
C 397 879 344 875 327.5 860
C 327.5 860 311 845 311 817
C 311 817 311 786 328 742
L 328 742 524 215
L 524 215 721 644
L 721 644 669 779
C 669 779 645 839 606 862
C 606 862 584 876 524 879
L 524 879 524 916
L 524 916 960 916
L 960 916 960 879
C 960 879 888 876 858 853
C 858 853 838 837 838 802
C 838 802 838 782 846 761
L 846 761 1054 235
L 1054 235 1247 742
C 1247 742 1267 796 1267 828
C 1267 828 1267 847 1247.5 862
C 1247.5 862 1228 877 1171 879
L 1171 879 1171 916
L 1171 916 1460 916
L 1460 916 1460 879
C 1460 879 1373 866 1332 761
L 1332 761 1026 -28
L 1026 -28 985 -28
L 985 -28 756 557
L 756 557 489 -28
L 489 -28 452 -28
L 452 -28 158 742
C 158 742 129 815 101 840.5
C 101 840.5 73 866 13 879
L 13 879 13 916
Index 59
CharIndex 120
BBox 27 0 999 916
NumContours 1
Contour 0 41
L 27 916 458 916
L 458 916 458 879
C 458 879 417 879 400.5 865
C 400.5 865 384 851 384 828
C 384 828 384 804 419 754
C 419 754 430 738 452 704
L 452 704 517 600
L 517 600 592 704
C 592 704 664 803 664 829
C 664 829 664 850 647 864.5
C 647 864.5 630 879 592 879
L 592 879 592 916
L 592 916 902 916
L 902 916 902 879
C 902 879 853 876 817 852
C 817 852 768 818 683 704
L 683 704 558 537
L 558 537 786 209
C 786 209 870 88 906 63.5
C 906 63.5 942 39 999 36
L 999 36 999 0
L 999 0 567 0
L 567 0 567 36
C 567 36 612 36 637 56
C 637 56 656 70 656 93
C 656 93 656 116 592 209
L 592 209 458 405
L 458 405 311 209
C 311 209 243 118 243 101
C 243 101 243 77 265.5 57.5
C 265.5 57.5 288 38 333 36
L 333 36 333 0
L 333 0 34 0
L 34 0 34 36
C 34 36 70 41 97 61
C 97 61 135 90 225 209
L 225 209 417 464
L 417 464 243 716
C 243 716 169 824 128.5 851.5
C 128.5 851.5 88 879 27 879
L 27 879 27 916
Index 60
CharIndex 121
BBox 12 -442 1012 916
NumContours 1
Contour 0 35
L 12 916 439 916
L 439 916 439 879
L 439 879 418 879
C 418 879 373 879 350.5 859.5
C 350.5 859.5 328 840 328 811
C 328 811 328 772 361 703
L 361 703 584 241
L 584 241 789 747
C 789 747 806 788 806 828
C 806 828 806 846 799 855
C 799 855 791 866 774 872.5
C 774 872.5 757 879 714 879
L 714 879 714 916
L 714 916 1012 916
L 1012 916 1012 879
C 1012 879 975 875 955 863
C 955 863 935 851 911 818
C 911 818 902 804 877 741
L 877 741 504 -173
C 504 -173 450 -306 362.5 -374
C 362.5 -374 275 -442 194 -442
C 194 -442 135 -442 97 -408
C 97 -408 59 -374 59 -330
C 59 -330 59 -288 86.5 -262.5
C 86.5 -262.5 114 -237 162 -237
C 162 -237 195 -237 252 -259
C 252 -259 292 -274 302 -274
C 302 -274 332 -274 367.5 -243
C 367.5 -243 403 -212 439 -123
L 439 -123 504 36
L 504 36 175 727
C 175 727 160 758 127 804
C 127 804 102 839 86 851
C 86 851 63 867 12 879
L 12 879 12 916
Index 61
CharIndex 122
BBox 41 0 876 916
NumContours 1
Contour 0 18
L 860 281 849 0
L 849 0 41 0
L 41 0 41 36
L 41 36 649 846
L 649 846 349 846
C 349 846 252 846 222 833.5
C 222 833.5 192 821 173 786
C 173 786 146 736 142 662
L 142 662 102 662
L 102 662 108 916
L 108 916 876 916
L 876 916 876 879
L 876 879 262 67
L 262 67 596 67
C 596 67 701 67 738.5 84.5
C 738.5 84.5 776 102 799 146
C 799 146 815 178 826 281
L 826 281 860 281
